              precision    recall  f1-score   support

       B-art       1.00      1.00      1.00      4819
       B-eve       0.00      0.00      0.00        18
       B-geo       0.87      0.92      0.90      2877
       B-gpe       0.95      0.89      0.92       892
       B-nat       0.00      0.00      0.00        20
       B-org       0.83      0.76      0.79      1694
       B-per       0.87      0.87      0.87      1328
       B-tim       0.93      0.86      0.89      1123
       I-art       0.00      0.00      0.00        16
       I-eve       0.00      0.00      0.00        13
       I-geo       0.83      0.80      0.82       441
       I-gpe       0.00      0.00      0.00        14
       I-nat       0.00      0.00      0.00         4
       I-org       0.79      0.76      0.78       974
       I-per       0.86      0.97      0.91      1723
       I-tim       0.83      0.76      0.79       364
           O       0.99      0.99      0.99     47651

    accuracy                           0.97     63971
   macro avg       0.57      0.56      0.57     63971
weighted avg       0.97      0.97      0.97     63971